1342
2212
2946
3343
3423
3464
3571
4802
5138
5565
5885
6081
6562
6608
7241
8735
8819
9339
9385
9711
9996
10405
10461
12322
12795
13000
14012
14362
14491
15182
15291
15398
15531
16407
16659
16734
17218
17246
17490
17697
18232
18523
18852
19107
19558
19770
19804
20183
22138
23214
23264
23962
23970
24294
24840
25854
26283
26804
26809
27611
28879
28936
28978
29358
29692
30423
30424
30869
31081
31380
32984
33023
33329
33604
33892
34120
34166
34570
34781
35909
36515
37455
38110
38316
38590
39366
39432
39640
39682
39932
40077
40834
41753
42688
43284
43507
45948
46071
46108
46851
46903
47202
48276
48857
49030
49574
50748
51809
53125
53359
53497
53993
54023
55213
55770
56160
56615
57047
57058
57330
57512
57520
57667
58523
58579
60538
61870
62015
62688
63114
63173
63587
63832
64057
64100
64120
65384
65726
65929
66444
68179
69561
69638
70125
71036
71617
72114
73476
73701
73765
74026
74412
74917
75026
75040
75325
76044
76162
76271
78753
79512
79555
81835
83050
83128
83274
83488
83922
87107
87649
87872
88623
90350
90868
90954
91255
92264
93041
93202
94078
94202
94270
95352
95741
96598
96656
97548
98060
98529
99585
100253
100574
101450
101484
103511
103941
104563
105744
105956
107116
107814
108127
108882
109052
109417
109511
109837
109873
109940
110433
110835
111075
111272
111559
113446
113743
114502
114739
116719
118770
119350
119472
119498
119549
120129
120131
120530
120568
120570
120583
121766
122891
122955
123163
126177
126260
127077
127219
128400
128491
128870
129300
129342
130040
131499
132352
133494
134154
134385
134567
134903
136460
137056
137784
138000
138675
140705
141452
141537
141665
142142
143080
143496
143708
144184
144890
145005
146332
147409
147681
147705
148080
148087
148501
148680
149167
149746
150154
150333
151050
151057
152058
152252
152671
152677
153390
153471
153917
153994
154063
154116
154548
155394
155882
156791
157094
157184
157303
157415
157598
158037
159752
161837
162102
162435
163188
163221
163994
164039
164378
164396
164837
164884
166481
166783
166958
166992
167200
168258
168352
169743
169757
169798
169962
171246
171351
171978
171981
172001
173825
173842
175450
175597
176833
176969
177713
178529
178803
178870
179138
179161
179670
179741
180411
180967
181483
181598
181745
181792
182209
182823
183194
183310
183499
183634
183994
184097
184147
184595
185024
185742
187785
189451
190203
191374
191752
192650
192785
192899
193488
193572
195181
195230
195554
198875
198958
199125
199697
199920
201789
202965
203052
203095
203645
203887
204535
205120
205249
205289
205492
206456
207695
207976
209579
210824
211409
211748
212441
212634
212688
213119
213383
214184
214970
215533
215676
215693
216396
216710
217742
218438
220745
220818
224016
224680
227419
227945
227988
228099
228936
228951
228955
229099
229346
229394
229928
230348
230908
232778
233514
233711
234605
234747
234978
235110
235156
235357
236077
238843
239014
239224
239818
240008
240973
241217
241965
242130
242802
242994
243488
244568
244762
244949
245016
245246
245929
247075
248227
248320
248943
249580
250127
252520
252754
254807
255024
255131
255316
255345
255621
255998
256410
258464
259636
261042
263704
263846
264207
266004
266114
266751
266920
267645
267721
267932
268988
270384
271365
271523
271825
273008
273245
274219
274648
274669
276114
276218
277866
278639
278894
281075
281390
281633
282328
282712
284056
284185
284488
284825
285587
286038
286180
286211
286365
288262
288877
291487
292738
293913
294003
294139
294424
295307
296252
296961
297070
298388
299000
299227
299277
299739
300119
300324
300824
301029
301915
302028
303926
304956
307433
307499
308302
308479
308913
309270
311027
311598
312383
312904
313424
313779
315656
316939
316964
317031
318581
320083
320151
320297
320702
320830
321243
321376
321547
322101
325604
326225
326479
326613
326686
326690
327459
327653
328871
328924
328945
329232
330852
331159
331814
331965
332470
333256
333535
333879
334168
334581
335621
335809
336065
336067
336834
337061
337133
340036
340069
340417
340818
341963
342264
342520
342670
342768
343269
343707
344030
345281
345681
346372
347063
347116
347120
347154
347188
348812
349411
349900
350774
351236
352267
353199
354134
355433
355780
356208
357233
357753
358755
360166
360202
360473
360772
361399
362002
362573
362970
363323
363469
365372
365549
365859
365876
366070
366121
366791
367266
367313
367697
368355
368853
369204
369578
370941
371018
371081
371731
371985
372105
372658
372755
372770
373261
373504
373711
373914
374021
374435
374830
374944
375111
375230
375332
375943
375948
375989
376148
376244
377128
377869
378128
378759
378771
379813
380736
380989
381089
381820
381861
382209
383055
383839
385756
386244
386757
389108
389300
389635
389811
389890
389985
390825
390984
391723
391808
391866
392947
393283
393362
393805
395795
395936
396442
396939
397305
397914
398015
398300
398311
398431
398498
398606
398667
398775
398957
398981
399420
399841
399854
399991
400123
400734
400791
400862
400992
401333
401525
401587
401980
402100
402285
402679
403449
404922
405560
405697
406088
406460
407371
407601
408531
408715
409623
410128
410186
410715
410970
411736
411835
412029
412092
413124
413742
414070
414239
414540
415834
416060
417335
418514
418895
419365
419525
419829
420351
420914
421507
421989
422491
422608
422620
422639
422743
423476
424859
426221
426910
427460
427661
428309
428427
429774
430060
431305
432199
432979
433383
434117
434785
435247
435838
436201
436872
436916
437646
438309
438896
438929
439236
439456
439707
439864
440010
440522
440610
441550
442195
443310
443565
444033
444541
444574
444996
445895
448470
448577
449125
449129
449205
449664
450434
450545
453763
454328
454392
454435
457085
457457
457756
457902
459945
460184
461073
461215
461494
462483
462485
462937
463059
463898
466415
466458
466461
466508
467458
467934
468256
468660
468811
468920
470215
470490
470546
470651
470657
471276
471561
471914
472457
472474
472676
472706
472726
473673
473884
474139
474404
474931
475288
475866
476114
476136
476558
476560
476666
477184
477530
478654
478688
478729
478740
478844
479015
479306
480473
480538
480801
482180
482741
485234
485529
485856
485939
486039
486303
486362
487672
487775
488203
488710
489166
490926
491666
491974
492348
492367
493062
493102
493436
493950
494043
494222
494846
495096
495349
495825
495936
496146
501098
502271
503847
506557
507241
507449
507989
510901
511107
511792
512579
512611
512640
512887
513083
513242
513485
513616
515587
516009
516105
516326
516353
516587
516673
517220
517802
517809
518125
518738
518739
518878
518899
518946
520297
520746
521051
521809
523039
523156
523212
524104
524141
528704
529697
529959
530514
530665
530845
531384
531503
531519
531709
533551
533600
534431
534647
534722
534930
535123
535662
536699
537415
537817
538892
540191
540250
540621
540648
541650
542457
542467
542501
545262
546540
546959
548251
548405
548507
548519
550562
551929
552029
553117
553185
553370
555176
555618
556900
556937
557042
558928
561143
561326
564634
564996
565231
565544
565582
565976
566009
566405
567153
569862
570076
570145
570404
571567
571898
572349
572591
572929
573637
574859
576713
576767
576791
576803
576828
577347
578430
579532
580239
580379
580463
580677
580797
581370
581436
581549
581787
583761
583880
584479
584886
584889
584987
585081
585613
585961
586494
587403
588227
588543
589026
589595
589738
590068
590686
591794
592120
593067
593826
594271
596978
598439
598989
599421
599435
599532
599810
600340
601170
601812
602618
602754
602883
603036
604219
604459
605101
605730
605859
606309
606893
608205
608463
609487
610034
611647
612062
612578
612610
612884
613400
615155
616364
617267
617680
618120
619119
619655
619805
619862
620002
620589
620726
620846
621182
621238
621317
621408
621512
621563
621609
622238
622459
622647
623076
625282
625341
625981
627286
627501
628531
628811
629010
629197
629755
631422
631833
632004
632441
632572
632661
632731
633316
634020
635332
635772
635987
636099
636715
638033
640842
641067
641704
642557
642905
643113
643181
643200
643439
644395
644808
645584
648266
648314
648416
648642
648651
649035
650711
650999
651087
651153
652617
652986
653708
654519
655775
655858
655944
656147
657582
659624
660072
660190
660951
660962
661805
662655
662743
662843
664117
664995
666813
668562
670904
673372
673443
674034
674210
676058
676610
676765
676843
676960
677845
679707
680393
681213
681928
682430
686229
687431
687790
688049
688115
688735
688741
689160
690258
693414
693730
694063
694068
695844
696573
697203
697642
697957
700111
700711
700828
701718
702226
704035
706301
707678
708579
709388
711902
714028
714573
715673
716109
716439
716549
716592
716746
716844
716845
718285
719730
721116
721359
721483
721691
722553
722594
722761
722894
723001
723604
723924
724165
724511
726991
729167
729344
729350
730189
730850
731131
731215
731343
731671
732962
733140
734094
734311
734316
735240
735308
736304
736399
736401
736913
737210
737617
737834
737897
738718
739010
739023
739883
740729
740806
741706
743572
744470
744670
744924
746536
746805
749062
749164
751043
751888
751970
752011
752465
753662
756105
756685
757584
758044
758197
760034
760484
761065
762048
762243
763165
763893
763899
764499
765324
765712
766756
766958
767090
767606
767812
768681
769318
770579
770990
773376
773504
773939
774375
775049
776136
778036
779092
780387
780983
781086
781351
781453
781719
781914
782244
782246
782645
783045
783162
783665
784496
785492
785992
786670
786911
787814
788265
788286
788462
788832
789008
789980
790280
790384
790744
790831
791228
791566
791713
791737
792051
792053
792171
793288
793323
794286
794570
795175
795205
795354
795448
796297
796311
796462
797159
797542
797668
798575
799024
799346
799908
800570
801703
802768
802791
802888
803689
805108
805568
805966
806592
807111
807448
807558
809053
809660
809696
809840
810766
810823
811226
811655
813784
814529
814562
814784
814889
814898
815120
815149
815756
816450
816484
818275
818331
818344
818488
818532
818540
819566
819646
820929
821369
823209
823491
823943
824114
824547
824995
825256
825512
826354
827136
829194
829834
831330
831810
833023
834515
834942
835103
835170
835439
836231
836272
836702
838450
839439
840044
840131
842355
842529
842847
843162
844021
844299
844531
844593
845111
845349
845756
847114
847687
849452
850860
851089
851168
851275
851660
852801
852861
853000
853278
853397
853510
854525
854650
855555
855576
855755
855756
855907
857780
859098
859253
859295
859595
860589
861118
861588
861982
862163
862691
862692
863203
864290
864471
865610
865776
867067
868116
870225
870376
871013
871211
871272
871375
871507
871809
871923
872894
874930
875759
876197
876495
876796
878290
878861
880683
881120
882244
882408
883759
885873
885988
886349
887764
888181
888216
888626
888879
891663
892762
893668
893686
894091
894471
895192
895500
896085
896764
898693
899048
899488
899992
900541
900762
901376
901980
902052
902129
903088
903216
903619
903626
904303
904431
904528
905272
905438
905919
907467
908484
908910
912420
914034
914803
914807
915145
917220
918375
918560
919815
920329
920399
920605
920957
921790
921866
922527
925087
925166
925867
925921
926066
926101
926819
926975
928051
928356
928371
928892
928968
929167
929277
929409
931973
932008
932093
932512
933149
936449
936843
937567
938623
938757
939102
939667
939781
941719
941887
941915
942066
942599
943627
944130
946384
948656
948663
949216
949514
950293
951324
952314
956408
958400
958495
958599
958682
959729
960350
960448
960765
962425
962937
962943
963314
963347
963471
963929
964172
964523
965484
965931
966643
967486
968617
968646
968647
968908
970747
970852
971159
971262
971493
971588
972038
972092
972107
972924
973065
973377
973499
973835
974874
975742
975896
976994
977577
978755
979113
979140
979437
980941
981316
981751
982396
983435
983606
983845
984137
984368
986278
989483
989559
990452
991153
991264
992173
992872
993104
994318
994841
995516
995649
996284
996291
999155
999806
999890
999895
1000304
1002154
1004649
1004962
1005220
1010948
1011175
1012548
1012963
1013189
1013356
1016012
1016622
1016701
1018680
1019175
1019422
1021169
1021764
1021793
1021799
1022415
1022568
1023175
1023720
1024925
1025279
1025986
1026110
1026320
1026687
1026697
1027146
1027442
1028743
1028776
1028905
1029006
1029570
1029679
1030020
1030418
1030428
1030768
1031047
1031330
1032157
1032672
1033005
1033768
1035091
1035444
1036109
1036548
1037265
1038335
1038904
1039301
1039377
1039433
1039542
1039614
1040127
1040271
1040560
1040612
1040664
1040668
1040758
1041074
1041710
1042098
1042280
1042960
1043476
1044680
1045320
1045622
1046120
1047546
1047703
1047913
1048224
1049019
1049372
1051123
1051251
1053183
1053254
1053411
1053771
1054741
1055209
1055244
1055273
1055775
1055787
1056152
1058105
1058679
1060121
1060327
1060882
1061094
1061446
1062674
1066541
1067520
1068408
1069382
1071220
1071617
1072027
1072282
1072354
1072846
1073770
1074525
1074532
1074874
1075627
1076267
1077394
1077635
1078018
1079191
1079537
1080200
1081617
1081705
1081773
1081892
1083250
1083711
1085226
1085413
1086053
1086144
1086145
1086270
1086571
1087249
1087711
1088856
1089173
1089479
1090028
1090393
1091165
1091752
1094458
1095119
1096064
1096069
1097379
1097591
1098722
1098837
1098879
1098921
1099426
1100697
1100928
1102207
1102276
1102300
1105479
1105714
1106457
1107993
1108387
1109343
1109563
1110166
1110283
1110896
1110957
1112710
1113673
1116679
1116987
1117808
1118381
1118653
1119722
1121346
1121891
1122417
1122813
1125216
1126016
1126308
1126334
1126964
1129072
1129680
1129775
1129885
1131662
1131710
1131984
1132064
1132100
1132114
1132369
1132924
1134205
1136571
1136819
1137120
1137259
1137536
1138671
1139629
1140111
1140300
1144029
1144537
1145940
1146582
1148032
1149279
1149324
1149441
1151087
1152462
1152916
1153045
1156211
1156486
1156705
1156778
1157457
1158580
1158831
1159413
1162156
1162318
1163551
1165160
1165383
1165911
1166696
1166904
1167708
1168613
1168959
1170116
1170497
1171052
1173436
1173574
1174066
1175404
1175521
1177222
1177578
1177923
1180002
1181009
1181400
1183216
1183753
1184461
1185561
1186405
1186863
1187200
1187542
1187956
1187981
1188527
1188765
1188864
1189432
1189523
1189635
1190334
1190991
1192201
1192209
1192279
1193579
1194098
1196270
1196889
1196962
1197463
1197716
1198357
1198607
1199393
1199523
1201071
1201267
1201459
1201489
1202032
1202385
1203052
1203667
1204022
1204581
1205613
1206169
1206472
1207729
1207890
1207903
1209713
1210221
1210806
1211582
1212486
1212547
1212594
1213010
1213289
1215267
1216497
1216620
1217063
1217205
1217617
1217644
1221468
1221828
1222288
1222495
1222961
1222984
1223130
1223263
1223296
1224156
1224184
1226232
1226322
1227295
1228308
1228921
1231042
1231118
1231227
1233540
1233675
1233749
1234575
1237881
1238339
1238386
1239377
1241204
1241560
1241895
1242275
1242956
1243546
1243761
1244482
1245300
1245340
1245977
1246284
1246421
1246701
1247584
1248634
1248694
1249536
1250080
1250741
1252410
1253262
1253397
1253418
1253866
1255664
1255718
1255776
1257565
1257794
1258023
1258619
1258791
1258852
1259176
1260011
1260688
1260900
1261485
1264921
1265185
1266649
1266785
1267094
1267188
1267264
1267451
1267640
1267966
1267999
1268419
1268461
1268757
1268889
1269898
1270352
1270679
1271496
1273261
1273860
1275211
1275765
1276158
1276181
1276934
1277230
1278446
1279331
1279726
1279768
1280079
1280500
1280773
1280856
1281120
1281441
1281519
1282006
1282040
1282074
1283050
1283426
1283950
1284099
1284986
1285584
1286051
1286194
1287895
1288070
1288515
1288935
1289055
1289745
1289804
1291397
1291873
1293774
1294964
1295135
1295412
1295447
1297754
1298039
1298714
1300369
1300739
1302238
1302903
1302935
1303473
1303479
1303607
1304551
1305622
1306195
1307220
1309228
1309829
1311230
1311825
1311923
1312225
1312259
1313748
1313758
1313770
1313888
1314200
1314267
1314775
1316290
1317489
1319086
1319108
1319173
1320163
1323919
1324468
1324969
1324973
1325129
1325205
1325583
1325806
1325980
1326335
1326683
1326723
1326726
1327187
1327906
1327974
1328358
1328883
1330462
1332069
1332090
1332217
1333791
1334343
1334545
1334828
1335325
1335749
1337131
1337188
1337845
1338159
1338472
1339235
1339439
1339454
1339911
1340158
1340189
1341004
1343156
1343313
1344783
1345022
1345225
1345443
1345664
1345700
1346016
1346126
1346168
1346202
1347507
1347686
1348581
1348663
1349507
1349736
1350020
1350563
1350660
1351468
1351481
1354121
1355637
1355661
1356691
1357037
1357759
1357764
1358120
1358188
1358359
1358604
1358673
1360396
1361270
1361300
1362851
1365234
1365523
1366947
1367189
1368343
1368703
1369641
1370306
1371753
1371776
1371929
1372317
1372730
1372839
1372965
1373345
1373433
1373668
1374214
1374284
1374666
1375485
1375598
1375613
1375775
1375951
1376100
1377177
1378112
1378734
1379287
1379655
1379869
1379980
1382454
1383468
1384534
1384610
1384722
1386972
1387346
1388367
1391766
1393776
1394739
1395017
1395274
1396704
1396724
1397317
1397556
1398079
1398383
1399193
1399570
1399684
1399814
1400958
1401252
1401888
1402179
1402444
1402606
1402625
1403766
1404021
1406596
1407359
1408168
1409803
1409951
1410018
1410656
1410927
1410976
1412860
1412926
1413305
1413709
1413799
1413853
1413959
1414717
1414810
1414969
1417934
1418604
1418701
1418777
1419577
1420533
1420555
1420620
1420973
1422422
1423404
1424825
1427409
1429816
1431253
1431373
1432434
1433258
1433318
1433437
1434149
1434647
1434752
1437162
1437413
1437476
1438063
1438337
1438636
1438939
1439263
1440509
1441078
1441625
1442443
1442711
1443422
1443926
1443963
1444920
1446259
1446281
1447453
1448249
1448755
1448842
1449595
1449659
1450400
1450992
1452094
1452761
1454024
1454811
1455437
1455675
1456127
1456220
1456808
1457599
1457777
1457918
1460933
1461032
1461940
1461992
1462932
1463140
1463481
1463516
1464344
1464924
1466734
1466945
1467339
1467630
1468040
1468085
1468715
1469222
1470312
1470775
1471694
1471742
1472009
1472296
1472867
1473042
1476046
1476061
1476400
1476523
1476795
1477117
1477324
1477378
1477584
1477793
1478448
1478870
1478917
1480030
1480031
1480427
1482264
1482714
1482998
1483060
1484707
1485337
1486720
1487010
1487320
1488068
1488484
1491306
1491677
1492419
1492818
1493097
1493246
1493860
1495360
1496154
1496636
1496690
1497689
1499628
1499670
1500469
1500921
1501420
1501852
1502136
1502259
1502795
1502896
1503030
1503337
1504359
1504580
1505254
1505897
1509494
1510019
1510245
1510302
1510699
1511468
1511913
1512492
1513433
1514674
1515331
1515351
1515379
1516336
1517331
1517665
1517976
1518602
1518695
1518790
1518891
1519659
1519733
1519835
1520632
1521116
1521939
1522018
1522158
1522676
1523469
1523771
1524893
1525070
1525548
1526081
1527196
1527820
1528492
1529593
1531831
1531911
1532009
1532295
1532297
1532665
1534600
1536812
1536950
1538105
1538106
1539884
1540354
1541374
1542724
1542878
1543790
1544035
1544783
1544890
1545471
1545702
1545865
1546073
1546205
1546334
1546364
1546522
1546563
1547547
1547935
1548952
1549009
1550014
1550104
1550137
1550160
1550734
1551760
1552306
1552498
1552899
1553128
1553205
1554363
1554651
1556134
1556505
1556748
1557087
1557521
1558480
1558534
1560235
1560797
1562110
1563035
1563519
1563815
1565237
1566308
1567946
1569060
1569150
1569269
1569494
1570881
1571444
1572393
1572520
1572929
1573493
1573673
1574483
1575176
1575562
1576048
1576087
1576958
1577325
1577562
1578065
1578454
1579091
1579942
1580686
1582573
1582805
1582974
1583192
1583642
1583988
1584930
1585203
1585621
1585788
1588313
1589362
1589645
1590162
1591082
1591257
1591603
1591624
1591681
1591886
1592045
1592562
1593282
1596118
1596143
1596340
1596599
1596798
1597542
1598240
1599280
1600057
1600293
1602466
1603500
1603764
1604897
1605999
1606732
1606741
1607916
1608195
1608569
1610675
1610826
1612157
1613258
1613820
1614340
1614750
1616191
1616307
1616531
1616748
1616813
1619172
1620310
1621443
1621917
1621963
1622414
1623079
1623106
1623241
1623293
1623846
1624524
1625754
1626378
1626423
1626470
1627107
1627277
1627334
1627860
1629845
1630082
1630721
1631106
1631306
1634020
1634738
1634987
1635431
1636016
1637874
1638384
1639209
1639449
1639506
1639747
1640509
1641221
1642553
1642779
1645310
1645329
1645658
1645925
1646868
1647738
1648343
1648497
1648612
1649576
1649919
1650452
1650646
1651232
1651616
1651780
1652464
1652716
1652979
1653464
1653584
1654117
1654594
1654686
1655095
1655324
1655456
1655668
1656343
1656909
1656989
1657029
1657056
1657238
1657655
1658001
1658458
1658760
1659365
1659403
1660221
1660398
1660576
1661177
1661276
1661306
1661354
1661437
1662889
1664377
1664473
1664690
1664725
1664833
1667426
1668255
1668379
1668420
1669106
1669589
1670018
1670397
1670419
1670441
1670860
1671093
1671543
1671959
1672598
1672709
1672763
1674023
1674028
1674992
1676360
1676932
1677052
1677631
1678061
1679982
1680385
1680592
1680810
1681658
1681705
1682195
1684728
1685897
1685993
1686217
1686595
1687076
1687147
1687344
1688599
1689172
1690413
1694437
1694794
1695091
1695998
1696165
1696351
1696739
1696794
1696902
1698068
1698339
1698850
1699017
1699192
1699344
1699801
1700089
1700226
1701444
1701764
1702286
1703482
1703591
1704161
1704213
1704267
1705190
1705941
1706823
1707535
1707851
1708169
1709399
1712208
1712437
1712796
1712866
1713760
1715629
1716937
1717182
1717400
1717926
1718067
1719247
1719914
1720238
1722209
1722705
1723295
1723362
1723776
1724451
1725371
1725386
1726221
1726443
1728866
1729010
1729354
1730613
1730660
1732000
1732732
1733050
1733105
1733208
1735766
1736956
1737435
1738403
1738825
1739202
1739398
1741525
1741543
1742539
1742736
1743262
1743445
1743475
1743664
1744187
1744454
1745579
1745585
1745754
1746188
1746906
1747920
1748936
1749386
1750488
1751271
1752125
1752447
1752890
1752938
1753013
1754197
1754387
1755223
1755719
1756601
1757972
1758334
1758446
1758456
1758497
1759957
1760280
1760608
1761356
1764460
1764582
1764797
1764945
1765843
1765942
1767636
1767969
1769556
1769603
1769959
1770847
1770904
1771081
1771366
1771739
1772077
1772561
1772842
1772954
1773896
1774739
1775026
1775566
1775731
1776068
1777951
1778047
1778977
1780631
1782392
1782496
1783064
1783578
1784276
1784454
1784965
1785356
1785715
1785886
1787131
1787270
1788683
1789107
1789509
1790541
1790728
1791566
1791668
1791766
1791925
1792530
1793484
1795007
1795593
1796084
1796672
1796837
1797186
1797601
1797643
1798399
1799028
1799900
1800209
1800629
1800867
1801416
1802053
1802554
1802633
1802869
1803857
1804214
1805393
1808601
1810268
1810474
1810610
1811383
1814220
1815988
1817661
1818363
1818913
1819230
1820002
1820372
1820420
1821324
1821381
1821407
1821797
1821923
1822003
1823397
1825320
1825573
1825595
1825652
1825808
1826168
1826438
1826768
1827034
1828034
1828136
1829594
1829726
1830022
1831414
1831676
1831924
1833498
1833713
1835853
1836266
1836742
1836837
1836854
1837568
1837601
1838150
1838210
1839170
1840936
1841364
1842156
1842635
1842958
1844070
1844470
1845025
1846222
1846249
1846491
1846639
1846752
1848231
1848908
1850341
1850477
1850953
1851446
1851931
1852629
1853204
1853312
1853519
1853961
1853990
1855822
1856914
1857339
1857429
1857479
1858161
1859514
1859561
1860007
1860219
1860500
1860605
1861593
1861698
1862314
1865201
1866720
1867878
1867947
1870342
1871180
1871332
1871908
1872027
1872096
1872877
1873181
1874544
1874659
1874749
1875050
1875418
1875543
1876163
1876178
1876296
1877056
1877358
1877896
1877943
1878616
1879621
1879872
1880335
1882251
1883459
1883949
1885904
1886159
1886286
1886353
1887336
1887488
1888056
1888258
1888345
1889201
1889459
1890248
1891337
1891408
1891518
1891883
1891893
1892158
1893412
1893727
1894673
1895127
1895375
1896018
1896034
1897677
1897774
1899564
1899592
1899740
1899958
1899987
1900574
1900723
1901237
1901326
1901842
1901942
1902011
1902033
1902176
1902323
1903721
1904336
1906527
1908157
1908632
1909060
1909073
1910282
1910583
1910771
1911707
1912042
1912432
1913993
1915121
1915917
1916130
1916460
1917350
1917361
1917383
1917866
1918094
1919951
1921637
1922176
1922666
1923985
1924102
1925258
1926396
1927157
1927500
1928187
1929045
1930004
1930309
1931077
1931643
1931943
1932561
1933948
1934139
1935242
1936981
1937352
1938210
1938505
1938694
1939290
1940174
1940461
1940475
1940557
1940562
1940973
1941491
1941578
1942772
1943659
1943690
1944447
1944592
1944919
1944953
1945383
1945809
1946666
1946700
1947501
1947977
1948415
1951484
1951671
1951759
1952953
1953049
1953235
1953491
1953712
1954440
1955067
1955148
1955192
1955790
1955880
1955977
1956168
1956362
1956988
1957664
1957811
1958860
1960845
1961243
1961306
1961512
1961958
1962198
1962441
1963493
1965395
1966319
1966352
1966540
1966988
1967503
1967921
1968226
1969727
1969752
1969755
1971000
1971231
1971349
1972570
1972765
1973416
1975164
1975241
1975368
1976218
1976571
1977053
1977440
1977839
1978489
1978969
1979233
1980265
1981127
1981655
1981886
1982413
1982550
1983115
1983138
1983144
1983785
1984087
1984576
1985324
1987133
1987572
1988687
1989309
1989776
1990374
1993055
1993248
1993414
1993834
1993939
1994552
1994641
1994650
1994698
1994957
1996094
1996129
1997197
1997463
1997901
1998297
1998344
1999277
1999352
1999584
1999839
1999945
1999987
2000059
2001415
2001632
2002066
2004095
2004116
2004304
2004693
2004959
2005664
2006608
2007023
2007203
2007800
2008444
2009516
2009648
2012010
2012559
2013052
2013473
2013690
2014171
2014762
2015360
2016901
2018645
2020098
2020414
2020958
2022576
2023505
2024126
2024573
2025457
2026261
2026436
2026874
2027036
2027243
2028205
2028877
2029008
2029625
2029672
2030081
2030143
2030722
2031726
2031852
2031853
2032593
2032802
2033444
2033648
2034791
2036267
2036573
2036910
2036935
2037270
2037403
2038048
2038275
2040136
2040625
2040649
2041471
2041734
2043236
2043305
2044256
2044282
2044350
2044751
2045319
2045336
2045430
2046127
2046610
2046824
2048504
2048791
2050032
2050363
2051486
2051723
2055323
2055591
2057290
2057418
2057441
2058130
2058586
2060169
2061094
2062239
2062451
2062728
2063178
2063671
2064238
2065065
2065266
2065592
2066248
2066452
2066530
2066882
2067026
2067231
2067691
2067923
2068687
2069151
2070006
2070050
2071263
2071550
2071564
2071607
2071772
2075213
2076913
2077043
2077548
2077661
2079008
2079106
2080563
2080635
2081086
2081169
2081298
2082053
2083036
2083244
2083681
2083731
2083853
2084336
2087231
2087608
2087619
2087743
2087831
2088174
2088258
2089143
2089351
2089439
2089472
2089500
2090113
2090478
2090673
2090704
2090999
2091489
2091606
2091627
2092726
2092887
2092977
2093581
2093974
2095407
2096445
2096542
2099075
2099321
2100669
2100846
2101597
2101636
2101683
2101737
2102315
2102490
2102583
2102626
2103137
2103249
2103357
2103676
2103904
2104872
2106036
2106188
2106199
2107893
2108214
2108229
2109075
2109100
2109161
2109700
2110448
2111313
2111455
2112034
2112039
2112576
2113096
2113688
2115090
2115447
2115633
2116189
2117913
2118641
2119552
2120033
2120926
2120943
2121925
2121978
2123473
2124556
2126224
2128667
2128680
2128793
2128966
2130275
2131166
2131408
2131786
2133123
2133819
2136199
2137158
2137321
2137774
2138620
2138692
2139289
2139377
2140307
2141543
2142768
2143524
2144167
2145105
2145629
2145713
2146120
2146131
2146627
2146722
2147269
2147666
2149905
2149968
2150263
2151199
2151931
2152007
2152410
2153433
2154000
2154034
2154720
2155104
2155424
2155903
2156766
2156808
2157382
2157558
2159520
2159559
2159599
2159746
2161564
2162660
2162850
2163226
2163743
2163754
2164394
2164849
2165705
2165836
2166841
2166918
2167478
2167493
2167948
2168267
2169128
2169923
2170064
2170243
2170365
2171447
2172147
2172564
2174403
2174438
2175981
2176028
2176230
2177534
2177799
2178288
2178819
2179381
2179847
2179940
2180535
2180560
2180609
2180666
2180679
2181453
2181986
2182387
2183892
2186964
2187727
2190170
2190334
2190568
2192593
2193203
2195358
2196526
2197551
2198312
2198599
2199028
2200150
2200939
2202637
2203024
2203656
2203747
2205538
2205803
2206205
2207388
2207785
2207877
2207975
2208080
2208778
2208930
2210017
2211958
2212060
2213362
2213380
2213469
2213922
2214093
2214378
2216729
2217495
2218945
2219323
2219869
2220027
2220405
2220541
2220581
2221317
2224926
2224963
2226421
2226636
2227345
2229784
2230055
2230486
2231801
2233329
2233582
2235204
2236023
2236325
2238609
2239232
2240388
2241185
2241211
2242392
2243939
2244311
2245197
2245326
2245473
2245581
2245788
2247675
2248599
2248990
2249512
2250366
2250676
2250995
2251036
2251697
2251750
2251844
2252038
2252040
2252217
2252238
2252335
2252714
2252782
2255391
2255906
2258048
2258058
2258518
2258928
2259024
2259740
2260181
2260493
2260538
2261380
2261736
2262068
2263158
2263999
2264673
2265813
2265896
2266285
2266523
2266820
2266942
2267010
2267336
2267805
2267891
2269239
2269734
2269974
2270004
2270285
2270829
2271008
2271335
2271453
2271552
2271803
2272097
2272238
2273382
2273764
2273863
2274443
2274850
2275270
2276084
2276702
2276742
2276797
2276847
2276902
2278944
2278988
2279024
2280277
2280632
2282143
2282197
2282327
2284366
2284670
2284677
2286147
2287798
2288788
2289049
2289186
2289249
2289362
2289414
2290786
2292462
2292654
2293340
2293818
2293877
2294005
2295308
2295425
2295806
2295937
2299137
2301486
2301793
2301840
2303234
2303348
2303959
2304733
2305441
2307638
2309021
2309194
2310738
2310887
2311127
2311323
2314026
2315563
2319111
2319141
2319175
2319610
2319794
2321124
2322734
2324202
2324504
2324708
2325313
2326717
2327053
2327296
2328238
2328832
2329045
2329417
2329816
2329980
2330068
2330072
2331161
2333067
2334205
2335005
2335025
2335337
2335895
2336650
2336864
2338044
2338142
2340589
2341352
2341798
2342065
2343087
2347273
2348898
2349513
2352170
2352738
2355111
2356209
2357214
2358602
2359630
2360850
2361705
2362213
2362607
2363276
2363300
2363332
2363348
2363426
2363427
2363482
2364127
2366513
2366970
2367429
2369406
2371491
2372192
2373225
2373550
2374458
2376276
2377086
2377853
2378184
2378645
2379790
2379815
2380584
2381048
2381568
2381700
2381711
2382052
2382406
2382826
2383896
2384091
2384628
2386144
2387477
2387571
2387760
2388828
2388961
2389064
2391473
2391724
2393121
2393143
2393199
2393691
2394738
2395721
2395932
2396364
2396771
2398092
2398099
2398855
2399104
2399476
2399715
2399791
2400051
2400322
2400675
2400684
2400880
2401483
2401631
2403122
2403128
2403133
2403614
2403709
2404414
2407275
2407441
2407584
2408441
2409731
2410883
2411611
2411637
2413340
2414306
2415153
2415443
2417540
2417557
2418057
2418805
2419095
2419165
2419575
2420552
2421620
2421679
2422078
2422267
2423000
2423058
2423350
2425100
2425544
2426280
2427279
2427451
2427621
2428008
2428366
2428610
2430650
2430840
2431127
2431321
2431459
2431553
2431732
2432020
2432935
2433501
2434114
2434177
2435121
2435364
2435938
2436017
2437030
2437374
2437551
2437863
2437976
2438659
2439077
2439296
2439752
2440398
2441391
2442922
2443392
2444957
2445393
2446091
2446439
2446645
2446753
2447146
2447372
2447437
2448567
2449233
2450917
2451271
2451317
2452215
2452797
2453083
2453127
2453290
2453457
2453634
2453677
2454075
2458207
2458724
2460355
2461250
2461523
2461530
2461813
2462159
2462422
2463403
2466323
2466410
2467007
2467876
2468044
2468188
2468478
2469443
2469759
2469819
2469996
2470071
2471493
2472909
2473089
2473146
2473759
2474692
2475273
2477206
2479098
2479204
2479599
2479672
2480390
2480916
2480920
2481011
2481357
2481804
2482992
2483424
2483534
2484319
2485065
2485098
2485334
2485899
2486532
2487070
2487141
2487528
2487654
2488228
2488773
2489136
2489298
2489650
2490234
2490576
2491316
2491378
2491509
2492919
2494450
2495548
2495574
2496487
2496594
2497018
2497101
2498239
2499298
2499559
2499596
2503095
2503568
2504214
2505248
2505279
2506209
2506395
2506965
2507132
2508756
2509221
2509452
2509761
2509927
2510087
2510744
2512236
2513535
2513952
2514396
2514486
2514510
2514741
2515110
2516009
2516160
2516260
2516302
2516318
2517878
2519941
2520229
2520544
2520587
2521221
2522627
2523579
2524229
2525446
2525915
2526401
2526683
2528116
2528142
2528217
2529279
2529634
2529695
2529798
2530552
2531630
2533355
2533756
2533956
2534374
2534543
2534630
2535426
2537994
2538302
2538489
2539318
2539596
2541039
2541190
2541476
2541532
2542172
2542410
2542735
2542992
2543314
2543724
2545235
2546430
2547112
2547665
2547977
2549997
2551972
2552081
2552441
2554642
2555324
2556175
2556681
2556828
2556909
2557521
2559260
2560851
2565185
2565528
2566010
2566218
2566219
2569236
2570612
2570671
2570959
2570975
2571859
2573745
2573752
2574183
2574482
2574653
2574701
2574801
2574934
2575716
2576413
2576630
2577025
2579723
2579812
2581245
2581331
2581413
2583327
2583874
2584395
2585212
2585572
2585596
2586299
2586486
2586617
2586884
2586899
2588977
2589416
2589712
2590667
2591089
2591211
2591292
2592041
2592185
2592737
2593161
2593352
2593641
2593752
2593974
2593990
2594611
2594636
2594973
2596296
2596647
2597502
2598547
2599060
2599501
2600045
2600223
2601517
2601592
2601736
2601800
2602408
2602420
2604026
2604894
2605044
2605531
2605827
2606141
2606239
2606971
2608492
2609720
2610062
2610419
2612166
2612229
2612538
2614655
2615506
2615655
2615914
2616345
2618320
2618788
2620565
2620898
2621030
2621558
2621590
2623336
2623368
2623417
2623821
2624141
2624241
2624645
2625597
2626288
2626747
2628243
2628790
2628805
2629071
2630709
2631470
2631472
2632590
2633188
2633243
2633289
2633498
2633665
2634747
2635516
2635622
2636000
2636063
2636141
2636216
2636320
2636690
2636942
2637666
2638516
2640436
2642421
2643119
2643134
2643563
2643609
2643838
2644398
2647361
2647650
2648221
2648364
2650348
2650878
2651604
2652964
2653028
2653218
2653226
2653249
2653356
2653522
2656005
2656564
2657787
2658326
2659386
2659639
2661120
2661202
2661423
2662039
2662114
2663056
2663374
2663772
2663918
2664287
2666183
2666327
2666784
2666992
2667069
2667306
2667404
2667616
2668034
2671879
2671987
2672056
2672121
2673248
2673676
2674571
2674576
2677504
2677631
2677780
2678413
2679790
2679892
2681563
2682659
2683425
2685171
2685558
2685788
2686400
2686472
2687921
2687940
2688084
2688493
2688749
2688931
2690010
2690534
2691106
2691172
2692070
2692985
2693975
2695326
2698456
2698803
2699413
2699662
2701175
2701598
2701600
2701763
2702115
2702775
2702929
2703102
2703427
2703709
2705194
2705305
2706111
2706457
2708628
2709057
2709083
2709903
2710951
2712031
2713636
2714290
2714489
2715146
2715389
2715615
2715618
2716042
2716205
2719984
2720421
2720623
2720972
2721597
2721759
2722073
2722384
2722479
2722870
2723085
2723833
2724008
2724305
2724378
2725068
2725112
2725354
2725506
2725710
2727782
2728231
2728242
2728947
2731217
2732070
2732295
2734999
2735475
2738488
2738629
2739448
2739574
2741143
2741669
2742198
2742232
2744764
2745287
2745507
2746363
2746592
2746610
2746866
2747562
2747570
2747584
2748869
2749406
2749652
2749727
2749973
2750974
2752040
2753078
2753263
2753673
2753969
2755445
2755590
2756947
2757027
2757722
2758009
2758535
2758659
2758668
2758735
2758996
2759538
2759916
2760055
2760056
2760960
2761624
2762074
2763413
2764843
2765932
2766048
2766279
2766332
2766601
2767516
2767822
2767831
2768657
2768765
2770061
2771229
2772630
2773701
2774836
2775097
2775721
2776483
2777642
2778702
2779028
2780612
2780748
2781005
2781260
2781444
2781932
2782214
2782830
2783767
2784079
2784914
2785472
2786987
2787141
2787218
2787424
2787611
2787656
2788526
2790036
2790433
2790765
2790771
2790903
2792730
2792737
2793660
2794439
2795048
2795615
2795907
2796780
2796892
2797300
2797789
2797818
2798528
2798732
2799257
2799326
2799917
2800894
2801586
2801587
2801707
2801731
2802742
2803111
2805385
2806765
2806929
2807393
2808302
2808752
2809561
2809776
2810065
2810173
2810563
2812412
2813615
2813719
2814184
2814330
2814677
2814989
2815099
2815408
2816171
2817111
2817518
2817638
2817795
2818441
2818925
2819799
2819898
2820873
2820962
2821069
2821733
2821834
2821844
2821870
2821896
2822498
2822792
2823132
2823204
2823511
2823577
2823962
2824487
2824591
2825027
2825220
2826955
2827671
2828375
2828652
2829114
2829284
2829558
2830364
2830390
2830661
2831954
2832602
2832605
2833602
2833795
2834149
2834432
2834631
2834693
2836020
2836494
2837227
2839084
2839401
2841316
2841794
2841795
2841943
2842311
2842438
2843032
2843895
2844624
2844989
2845183
2845884
2846846
2846951
2847052
2847093
2847753
2848853
2849050
2849739
2849880
2851979
2853461
2854280
2854651
2854786
2856041
2856843
2857141
2857306
2857496
2859408
2859536
2859675
2860229
2861625
2861754
2861887
2862468
2862480
2863267
2863726
2864610
2865056
2866390
2866869
2867575
2868144
2869647
2870007
2870130
2871127
2871870
2872106
2873442
2873724
2873903
2873993
2874900
2875998
2876005
2877322
2877419
2878813
2879366
2880319
2880661
2881277
2881408
2882043
2882389
2886372
2886547
2887054
2887664
2888071
2888102
2888989
2889627
2892916
2894485
2895225
2895868
2896749
2896856
2896995
2897510
2897705
2897783
2898004
2899601
2900278
2900504
2900959
2901190
2901266
2901285
2901347
2902160
2902311
2902921
2903195
2904629
2905693
2906016
2906063
2909388
2909433
2909509
2910867
2911781
2912442
2912666
2912796
2913105
2913436
2914037
2914195
2914213
2914509
2915040
2915273
2915726
2916414
2916693
2916776
2916836
2917854
2918456
2918982
2919231
2920388
2922915
2923584
2924008
2924024
2924027
2924063
2926452
2926794
2928842
2932553
2933023
2933696
2936505
2936619
2938054
2942121
2942551
2944001
2945343
2946461
2948171
2948608
2949411
2951175
2952363
2952867
2953508
2953631
2953899
2954071
2954604
2956500
2959570
2960641
2960888
2961163
2961757
2961769
2961814
2961978
2962626
2964110
2965654
2966497
2967009
2967543
2968022
2969097
2972471
2974012
2974373
2974496
2974570
2974573
2975382
2976296
2977048
2979345
2979588
2982501
2983559
2986535
2986651
2986913
2987639
2987699
2988453
2989190
2991296
2993194
2994122
2995158
2995622
2996046
2998568
2999130
2999485
2999971
3001927
3003870
3004606
3005247
3006360
3006502
3006534
3006648
3007230
3007349
3007485
3008247
3009243
3011426
3011517
3011606
3011853
3015342
3015428
3015520
3016126
3016480
3017066
3017159
3017730
3017906
3018009
3018538
3019270
3019415
3019771
3019818
3020222
3020533
3021105
3021342
3022220
3024338
3026904
3027312
3027617
3027780
3028096
3028387
3028662
3029734
3030328
3030420
3030549
3030608
3032943
3034055
3034885
3035391
3036179
3036741
3038583
3038609
3039138
3039189
3039578
3039977
3040077
3041439
